11 27 amne
-1 -2 -1 -1 -1 -1 -1 -1 -1 -1 -1 -1 -1 -1 -1 -1 -1 -1 -1 -1 -1 -1 -1 -1 -1 -1 -1 
-1 57 -1 57 -1 57 0 57 -1 57 -1 57 0 57 0 57 -1 57 0 57 0 57 0 57 0 57 -1 
-1 0 -1 0 -1 -1 -1 0 -1 0 -1 0 -1 -1 -1 -1 -1 -1 -1 -1 -1 0 -1 -1 -1 0 -1 
-1 57 0 57 0 57 0 57 -1 57 0 57 -1 57 0 57 0 57 0 57 -1 57 0 57 -1 57 -1 
-1 -1 -1 -1 -1 -1 -1 0 -1 -1 -1 0 -1 0 -1 -1 -1 -1 -1 0 -1 -1 -1 0 -1 0 -1 
-1 57 0 57 0 57 0 57 -1 57 0 57 0 57 0 57 0 57 -1 57 0 57 -1 57 -1 57 -1 
-1 0 -1 -1 -1 -1 -1 0 -1 0 -1 -1 -1 -1 -1 -1 -1 -1 -1 0 -1 -1 -1 0 -1 -1 -1 
-1 57 -1 57 -1 57 -1 57 0 57 0 57 0 57 -1 57 0 57 -1 57 0 57 0 57 0 57 -1 
-1 0 -1 0 -1 0 -1 0 -1 -1 -1 -1 -1 -1 -1 -1 -1 0 -1 0 -1 -1 -1 -1 -1 0 -1 
-1 57 -1 57 0 57 0 57 -1 57 0 57 0 57 0 57 0 57 0 57 0 57 -1 57 0 57 -1 
-1 -1 -1 -1 -1 -1 -1 -1 -1 -1 -1 -1 -1 -1 -1 -1 -1 -1 -1 -1 -1 -1 -1 -1 -1 -3 -1 
